4-hydroxyphenylacetate	0	9.0	8.0	11.0	8.0	9.0	7.0	7.0	9.0	10.0	9.0	14.0	6.0	9.0	10.0	9.0	9.0	5.0	6.0	7.0	10.0	6.0	11.0	4.0	9.0	10.0	9.0	8.0	7.0	9.0	9.0	8.0	9.0	7.0	8.0	9.0	6.0	9.0	9.0	8.0	8.0	11.0	9.0	9.0	8.0	7.0	9.0	7.0	7.0	10.0	9.0	6.0	10.0	9.0	8.0	3.0	9.0	7.0	7.0	7.0	7
(R)-3-hydroxybutyrate	9.0	0	5.0	7.0	4.0	5.0	5.0	5.0	5.0	9.0	5.0	11.0	7.0	5.0	6.0	5.0	5.0	7.0	6.0	4.0	8.0	4.0	9.0	7.0	5.0	6.0	5.0	4.0	5.0	5.0	5.0	7.0	5.0	9.0	6.0	5.0	6.0	7.0	5.0	6.0	1.0	9.0	5.0	5.0	4.0	6.0	5.0	4.0	6.0	6.0	5.0	5.0	7.0	5.0	6.0	6.0	5.0	5.0	5.0	5.0	6
palmitate	8.0	5.0	0	6.0	3.0	3.0	4.0	4.0	4.0	6.0	4.0	11.0	6.0	5.0	5.0	4.0	5.0	6.0	5.0	3.0	7.0	3.0	9.0	6.0	4.0	5.0	5.0	4.0	4.0	4.0	3.0	6.0	5.0	7.0	6.0	4.0	5.0	6.0	3.0	6.0	4.0	8.0	4.0	4.0	4.0	5.0	4.0	4.0	5.0	5.0	4.0	4.0	6.0	4.0	5.0	6.0	4.0	4.0	4.0	4.0	4
D-Fructose	11.0	7.0	6.0	0	5.0	6.0	7.0	5.0	6.0	2.0	6.0	7.0	8.0	7.0	8.0	7.0	7.0	8.0	8.0	4.0	7.0	5.0	5.0	8.0	7.0	6.0	8.0	7.0	6.0	7.0	7.0	5.0	8.0	10.0	8.0	7.0	5.0	7.0	6.0	8.0	6.0	8.0	7.0	6.0	6.0	5.0	6.0	6.0	7.0	8.0	7.0	6.0	3.0	6.0	6.0	8.0	6.0	6.0	6.0	6.0	6
Citrate	8.0	4.0	3.0	5.0	0	3.0	4.0	2.0	3.0	7.0	3.0	10.0	5.0	4.0	5.0	4.0	4.0	5.0	5.0	1.0	5.0	2.0	8.0	5.0	4.0	5.0	4.0	3.0	3.0	4.0	4.0	5.0	4.0	7.0	5.0	4.0	4.0	5.0	3.0	5.0	3.0	6.0	4.0	3.0	3.0	4.0	3.0	2.0	4.0	5.0	4.0	3.0	5.0	3.0	4.0	5.0	3.0	4.0	3.0	3.0	3
stearate	9.0	5.0	3.0	6.0	3.0	0	4.0	4.0	4.0	8.0	4.0	11.0	6.0	5.0	5.0	4.0	5.0	6.0	5.0	3.0	7.0	3.0	9.0	6.0	4.0	5.0	5.0	4.0	4.0	4.0	4.0	6.0	5.0	8.0	6.0	4.0	5.0	6.0	4.0	6.0	4.0	8.0	4.0	4.0	4.0	5.0	4.0	4.0	5.0	5.0	4.0	4.0	6.0	3.0	5.0	6.0	4.0	4.0	4.0	4.0	5
4-methyl-2-oxopentanoate	7.0	5.0	4.0	7.0	4.0	4.0	0	5.0	4.0	8.0	4.0	12.0	5.0	5.0	5.0	4.0	6.0	6.0	1.0	4.0	7.0	4.0	9.0	3.0	4.0	5.0	5.0	4.0	5.0	4.0	4.0	6.0	5.0	7.0	5.0	4.0	5.0	6.0	4.0	6.0	4.0	8.0	4.0	4.0	5.0	6.0	4.0	5.0	6.0	5.0	4.0	3.0	7.0	4.0	5.0	4.0	4.0	4.0	5.0	4.0	6
cortisol	7.0	5.0	4.0	5.0	2.0	4.0	5.0	0	4.0	7.0	4.0	9.0	5.0	5.0	6.0	5.0	4.0	6.0	6.0	1.0	5.0	3.0	7.0	6.0	5.0	6.0	6.0	5.0	4.0	5.0	5.0	5.0	6.0	6.0	6.0	5.0	4.0	5.0	4.0	5.0	4.0	6.0	5.0	4.0	4.0	4.0	4.0	4.0	5.0	6.0	5.0	4.0	5.0	4.0	5.0	5.0	4.0	4.0	4.0	3.0	2
adrenic acid	9.0	5.0	4.0	6.0	3.0	4.0	4.0	4.0	0	8.0	4.0	11.0	6.0	5.0	5.0	4.0	6.0	6.0	5.0	3.0	7.0	3.0	9.0	6.0	4.0	4.0	5.0	4.0	4.0	4.0	4.0	6.0	5.0	8.0	6.0	4.0	5.0	6.0	4.0	6.0	4.0	8.0	3.0	4.0	4.0	5.0	4.0	4.0	5.0	5.0	4.0	4.0	6.0	4.0	5.0	6.0	4.0	4.0	4.0	4.0	5
D-glucose	10.0	9.0	6.0	2.0	7.0	8.0	8.0	7.0	8.0	0	8.0	9.0	8.0	9.0	9.0	8.0	8.0	7.0	9.0	6.0	5.0	7.0	4.0	9.0	8.0	5.0	8.0	7.0	8.0	8.0	8.0	7.0	8.0	9.0	10.0	8.0	5.0	8.0	8.0	9.0	8.0	6.0	6.0	8.0	8.0	6.0	8.0	7.0	9.0	9.0	8.0	8.0	5.0	8.0	8.0	8.0	8.0	6.0	7.0	8.0	8
3-hydroxypropionate	9.0	5.0	4.0	6.0	3.0	4.0	4.0	4.0	4.0	8.0	0	11.0	6.0	5.0	5.0	4.0	5.0	6.0	5.0	3.0	7.0	3.0	9.0	6.0	4.0	5.0	5.0	4.0	4.0	4.0	4.0	6.0	5.0	8.0	6.0	4.0	5.0	6.0	4.0	6.0	4.0	8.0	4.0	4.0	4.0	5.0	4.0	4.0	4.0	5.0	4.0	4.0	6.0	4.0	5.0	6.0	4.0	4.0	4.0	4.0	5
L-arabinose	14.0	11.0	11.0	7.0	10.0	11.0	12.0	9.0	11.0	9.0	11.0	0	11.0	11.0	13.0	12.0	12.0	10.0	11.0	9.0	8.0	8.0	8.0	11.0	12.0	9.0	12.0	11.0	9.0	12.0	12.0	10.0	12.0	13.0	11.0	12.0	9.0	11.0	11.0	12.0	10.0	9.0	10.0	11.0	10.0	8.0	11.0	9.0	12.0	13.0	12.0	9.0	8.0	11.0	7.0	11.0	11.0	9.0	7.0	9.0	9
N,N-dimethylglycine	6.0	7.0	6.0	8.0	5.0	6.0	5.0	5.0	6.0	8.0	6.0	11.0	0	5.0	6.0	5.0	6.0	6.0	4.0	4.0	6.0	4.0	9.0	4.0	5.0	6.0	6.0	5.0	5.0	7.0	7.0	4.0	6.0	5.0	4.0	7.0	4.0	5.0	6.0	5.0	6.0	7.0	5.0	6.0	4.0	4.0	6.0	5.0	5.0	6.0	5.0	2.0	6.0	6.0	4.0	5.0	6.0	3.0	5.0	3.0	5
L-glutamine	9.0	5.0	5.0	7.0	4.0	5.0	5.0	5.0	5.0	9.0	5.0	11.0	5.0	0	6.0	5.0	2.0	7.0	5.0	4.0	7.0	4.0	9.0	5.0	5.0	6.0	4.0	3.0	5.0	5.0	5.0	6.0	4.0	7.0	3.0	5.0	6.0	6.0	5.0	5.0	4.0	8.0	5.0	5.0	1.0	6.0	5.0	4.0	4.0	6.0	5.0	3.0	7.0	5.0	5.0	6.0	5.0	4.0	5.0	4.0	6
L-isoleucine	10.0	6.0	5.0	8.0	5.0	5.0	5.0	6.0	5.0	9.0	5.0	13.0	6.0	6.0	0	5.0	7.0	8.0	6.0	5.0	8.0	5.0	10.0	6.0	5.0	6.0	6.0	5.0	6.0	5.0	5.0	7.0	6.0	8.0	6.0	5.0	6.0	7.0	5.0	7.0	5.0	9.0	5.0	5.0	6.0	7.0	5.0	6.0	7.0	6.0	1.0	4.0	8.0	5.0	6.0	7.0	5.0	5.0	6.0	5.0	7
3-methyl-2-oxobutanoate	9.0	5.0	4.0	7.0	4.0	4.0	4.0	5.0	4.0	8.0	4.0	12.0	5.0	5.0	5.0	0	6.0	7.0	5.0	4.0	7.0	4.0	9.0	5.0	4.0	5.0	5.0	4.0	5.0	4.0	4.0	6.0	5.0	7.0	5.0	4.0	5.0	6.0	4.0	6.0	4.0	8.0	4.0	4.0	5.0	6.0	4.0	5.0	6.0	1.0	4.0	3.0	7.0	4.0	5.0	6.0	4.0	4.0	5.0	4.0	6
citr_L[e]	9.0	5.0	5.0	7.0	4.0	5.0	6.0	4.0	6.0	8.0	5.0	12.0	6.0	2.0	7.0	6.0	0	7.0	6.0	3.0	7.0	4.0	9.0	6.0	6.0	7.0	6.0	5.0	5.0	6.0	6.0	7.0	6.0	6.0	4.0	6.0	5.0	7.0	5.0	3.0	4.0	8.0	6.0	6.0	3.0	6.0	6.0	3.0	5.0	7.0	6.0	4.0	7.0	6.0	6.0	7.0	6.0	6.0	5.0	5.0	5
3,3,5-triiodo-L-thyronine	5.0	7.0	6.0	8.0	5.0	6.0	6.0	6.0	6.0	7.0	6.0	10.0	6.0	7.0	8.0	7.0	7.0	0	5.0	5.0	6.0	3.0	9.0	3.0	7.0	8.0	6.0	5.0	4.0	7.0	7.0	6.0	6.0	8.0	6.0	7.0	7.0	6.0	6.0	7.0	6.0	7.0	7.0	6.0	6.0	7.0	6.0	4.0	7.0	8.0	7.0	4.0	8.0	6.0	5.0	2.0	6.0	6.0	4.0	4.0	7
L-leucine	6.0	6.0	5.0	8.0	5.0	5.0	1.0	6.0	5.0	9.0	5.0	11.0	4.0	5.0	6.0	5.0	6.0	5.0	0	5.0	8.0	4.0	9.0	2.0	5.0	6.0	6.0	5.0	5.0	5.0	5.0	5.0	6.0	6.0	4.0	5.0	6.0	5.0	5.0	5.0	5.0	9.0	5.0	5.0	4.0	7.0	5.0	5.0	7.0	6.0	5.0	2.0	7.0	5.0	4.0	3.0	5.0	5.0	5.0	3.0	7
acetate	7.0	4.0	3.0	4.0	1.0	3.0	4.0	1.0	3.0	6.0	3.0	9.0	4.0	4.0	5.0	4.0	3.0	5.0	5.0	0	4.0	2.0	7.0	5.0	4.0	5.0	5.0	4.0	3.0	4.0	4.0	4.0	5.0	6.0	5.0	4.0	3.0	4.0	3.0	4.0	3.0	5.0	4.0	3.0	3.0	3.0	3.0	3.0	4.0	5.0	4.0	3.0	4.0	3.0	4.0	5.0	3.0	3.0	3.0	2.0	2
androsterone	10.0	8.0	7.0	7.0	5.0	7.0	7.0	5.0	7.0	5.0	7.0	8.0	6.0	7.0	8.0	7.0	7.0	6.0	8.0	4.0	0	6.0	8.0	8.0	7.0	8.0	8.0	7.0	7.0	7.0	7.0	5.0	8.0	9.0	8.0	7.0	6.0	5.0	7.0	8.0	7.0	1.0	7.0	7.0	6.0	7.0	7.0	7.0	8.0	8.0	7.0	6.0	6.0	7.0	8.0	7.0	7.0	3.0	7.0	5.0	6
pyruvate	6.0	4.0	3.0	5.0	2.0	3.0	4.0	3.0	3.0	7.0	3.0	8.0	4.0	4.0	5.0	4.0	4.0	3.0	4.0	2.0	6.0	0	6.0	4.0	4.0	5.0	4.0	3.0	1.0	4.0	4.0	3.0	4.0	6.0	4.0	4.0	4.0	3.0	3.0	5.0	3.0	7.0	4.0	3.0	3.0	4.0	3.0	1.0	4.0	5.0	4.0	2.0	5.0	3.0	2.0	3.0	3.0	3.0	1.0	1.0	4
D-gluconate	11.0	9.0	9.0	5.0	8.0	9.0	9.0	7.0	9.0	4.0	9.0	8.0	9.0	9.0	10.0	9.0	9.0	9.0	9.0	7.0	8.0	6.0	0	9.0	9.0	7.0	9.0	8.0	7.0	9.0	9.0	8.0	9.0	10.0	9.0	9.0	5.0	9.0	9.0	8.0	8.0	9.0	8.0	9.0	8.0	7.0	9.0	7.0	10.0	10.0	9.0	7.0	6.0	9.0	7.0	9.0	9.0	7.0	7.0	7.0	7
L-phenylalanine	4.0	7.0	6.0	8.0	5.0	6.0	3.0	6.0	6.0	9.0	6.0	11.0	4.0	5.0	6.0	5.0	6.0	3.0	2.0	5.0	8.0	4.0	9.0	0	5.0	6.0	6.0	5.0	5.0	7.0	7.0	5.0	6.0	6.0	4.0	7.0	6.0	5.0	6.0	5.0	6.0	9.0	5.0	6.0	4.0	7.0	6.0	5.0	7.0	6.0	5.0	2.0	7.0	6.0	4.0	1.0	6.0	5.0	5.0	3.0	6
deoxycholate	9.0	5.0	4.0	7.0	4.0	4.0	4.0	5.0	4.0	8.0	4.0	12.0	5.0	5.0	5.0	4.0	6.0	7.0	5.0	4.0	7.0	4.0	9.0	5.0	0	5.0	5.0	4.0	5.0	4.0	4.0	6.0	5.0	7.0	5.0	4.0	5.0	6.0	4.0	6.0	4.0	8.0	4.0	4.0	5.0	6.0	4.0	5.0	6.0	5.0	4.0	3.0	7.0	4.0	5.0	6.0	4.0	4.0	5.0	4.0	6
2-Arachidonoylglycerol	10.0	6.0	5.0	6.0	5.0	5.0	5.0	6.0	4.0	5.0	5.0	9.0	6.0	6.0	6.0	5.0	7.0	8.0	6.0	5.0	8.0	5.0	7.0	6.0	5.0	0	6.0	5.0	6.0	5.0	5.0	7.0	6.0	8.0	6.0	5.0	6.0	7.0	5.0	7.0	5.0	9.0	1.0	5.0	5.0	3.0	5.0	6.0	7.0	6.0	5.0	4.0	7.0	5.0	6.0	7.0	5.0	5.0	4.0	5.0	6
L-threonine	9.0	5.0	5.0	8.0	4.0	5.0	5.0	6.0	5.0	8.0	5.0	12.0	6.0	4.0	6.0	5.0	6.0	6.0	6.0	5.0	8.0	4.0	9.0	6.0	5.0	6.0	0	1.0	5.0	5.0	5.0	6.0	2.0	8.0	5.0	4.0	5.0	6.0	5.0	7.0	4.0	9.0	5.0	5.0	3.0	7.0	5.0	5.0	6.0	6.0	5.0	4.0	8.0	5.0	5.0	6.0	5.0	5.0	5.0	4.0	7
2-Oxobutanoate	8.0	4.0	4.0	7.0	3.0	4.0	4.0	5.0	4.0	7.0	4.0	11.0	5.0	3.0	5.0	4.0	5.0	5.0	5.0	4.0	7.0	3.0	8.0	5.0	4.0	5.0	1.0	0	4.0	4.0	4.0	5.0	1.0	7.0	4.0	3.0	4.0	5.0	4.0	6.0	3.0	8.0	4.0	4.0	2.0	6.0	4.0	4.0	5.0	5.0	4.0	3.0	7.0	4.0	4.0	5.0	4.0	4.0	4.0	3.0	6
(S)-lactate	7.0	5.0	4.0	6.0	3.0	4.0	5.0	4.0	4.0	8.0	4.0	9.0	5.0	5.0	6.0	5.0	5.0	4.0	5.0	3.0	7.0	1.0	7.0	5.0	5.0	6.0	5.0	4.0	0	5.0	5.0	4.0	5.0	7.0	5.0	5.0	5.0	4.0	4.0	6.0	4.0	8.0	5.0	4.0	4.0	5.0	4.0	2.0	5.0	6.0	5.0	3.0	6.0	4.0	3.0	4.0	4.0	4.0	2.0	2.0	5
clupanodonic acid	9.0	5.0	4.0	7.0	4.0	4.0	4.0	5.0	4.0	8.0	4.0	12.0	7.0	5.0	5.0	4.0	6.0	7.0	5.0	4.0	7.0	4.0	9.0	7.0	4.0	5.0	5.0	4.0	5.0	0	4.0	6.0	5.0	8.0	7.0	4.0	5.0	6.0	4.0	7.0	4.0	8.0	4.0	4.0	5.0	6.0	4.0	5.0	6.0	5.0	4.0	5.0	7.0	4.0	6.0	7.0	4.0	4.0	5.0	5.0	6
palmitoleate	9.0	5.0	3.0	7.0	4.0	4.0	4.0	5.0	4.0	8.0	4.0	12.0	7.0	5.0	5.0	4.0	6.0	7.0	5.0	4.0	7.0	4.0	9.0	7.0	4.0	5.0	5.0	4.0	5.0	4.0	0	6.0	5.0	8.0	7.0	4.0	5.0	6.0	4.0	7.0	4.0	8.0	4.0	4.0	5.0	6.0	4.0	5.0	6.0	5.0	4.0	5.0	7.0	4.0	6.0	7.0	4.0	4.0	5.0	5.0	6
L-tryptophan	8.0	7.0	6.0	5.0	5.0	6.0	6.0	5.0	6.0	7.0	6.0	10.0	4.0	6.0	7.0	6.0	7.0	6.0	5.0	4.0	5.0	3.0	8.0	5.0	6.0	7.0	6.0	5.0	4.0	6.0	6.0	0	6.0	7.0	5.0	6.0	6.0	2.0	6.0	6.0	6.0	6.0	6.0	6.0	5.0	7.0	6.0	4.0	7.0	7.0	6.0	3.0	2.0	6.0	5.0	6.0	6.0	2.0	4.0	2.0	6
2-Hydroxybutyrate	9.0	5.0	5.0	8.0	4.0	5.0	5.0	6.0	5.0	8.0	5.0	12.0	6.0	4.0	6.0	5.0	6.0	6.0	6.0	5.0	8.0	4.0	9.0	6.0	5.0	6.0	2.0	1.0	5.0	5.0	5.0	6.0	0	8.0	5.0	4.0	5.0	6.0	5.0	7.0	4.0	9.0	5.0	5.0	3.0	7.0	5.0	5.0	6.0	6.0	5.0	4.0	8.0	5.0	5.0	6.0	5.0	5.0	5.0	4.0	7
creatinine	7.0	9.0	7.0	10.0	7.0	8.0	7.0	6.0	8.0	9.0	8.0	13.0	5.0	7.0	8.0	7.0	6.0	8.0	6.0	6.0	9.0	6.0	10.0	6.0	7.0	8.0	8.0	7.0	7.0	8.0	8.0	7.0	8.0	0	6.0	8.0	5.0	7.0	8.0	5.0	8.0	10.0	7.0	8.0	6.0	6.0	8.0	7.0	6.0	8.0	7.0	4.0	9.0	8.0	6.0	6.0	8.0	6.0	7.0	5.0	6
L-proline	8.0	6.0	6.0	8.0	5.0	6.0	5.0	6.0	6.0	10.0	6.0	11.0	4.0	3.0	6.0	5.0	4.0	6.0	4.0	5.0	8.0	4.0	9.0	4.0	5.0	6.0	5.0	4.0	5.0	7.0	7.0	5.0	5.0	6.0	0	7.0	6.0	5.0	6.0	5.0	5.0	9.0	5.0	6.0	2.0	7.0	6.0	5.0	5.0	6.0	5.0	2.0	7.0	6.0	4.0	5.0	6.0	5.0	5.0	3.0	7
3-hydroxy-2-methylpropanoate	9.0	5.0	4.0	7.0	4.0	4.0	4.0	5.0	4.0	8.0	4.0	12.0	7.0	5.0	5.0	4.0	6.0	7.0	5.0	4.0	7.0	4.0	9.0	7.0	4.0	5.0	4.0	3.0	5.0	4.0	4.0	6.0	4.0	8.0	7.0	0	5.0	6.0	4.0	7.0	4.0	8.0	4.0	4.0	5.0	6.0	4.0	5.0	6.0	5.0	4.0	5.0	7.0	4.0	6.0	7.0	4.0	4.0	5.0	5.0	6
Adenosine	6.0	6.0	5.0	5.0	4.0	5.0	5.0	4.0	5.0	5.0	5.0	9.0	4.0	6.0	6.0	5.0	5.0	7.0	6.0	3.0	6.0	4.0	5.0	6.0	5.0	6.0	5.0	4.0	5.0	5.0	5.0	6.0	5.0	5.0	6.0	5.0	0	7.0	5.0	5.0	5.0	7.0	5.0	5.0	5.0	5.0	5.0	4.0	5.0	6.0	5.0	4.0	5.0	5.0	6.0	5.0	5.0	5.0	5.0	5.0	5
L-kynurenine	9.0	7.0	6.0	7.0	5.0	6.0	6.0	5.0	6.0	8.0	6.0	11.0	5.0	6.0	7.0	6.0	7.0	6.0	5.0	4.0	5.0	3.0	9.0	5.0	6.0	7.0	6.0	5.0	4.0	6.0	6.0	2.0	6.0	7.0	5.0	6.0	7.0	0	6.0	6.0	6.0	6.0	6.0	6.0	5.0	7.0	6.0	4.0	7.0	7.0	6.0	3.0	4.0	6.0	5.0	6.0	6.0	2.0	4.0	2.0	6
tetradecanoate (n-C14:0)	9.0	5.0	3.0	6.0	3.0	4.0	4.0	4.0	4.0	8.0	4.0	11.0	6.0	5.0	5.0	4.0	5.0	6.0	5.0	3.0	7.0	3.0	9.0	6.0	4.0	5.0	5.0	4.0	4.0	4.0	4.0	6.0	5.0	8.0	6.0	4.0	5.0	6.0	0	6.0	4.0	8.0	4.0	4.0	4.0	5.0	4.0	4.0	5.0	5.0	4.0	4.0	6.0	4.0	5.0	6.0	4.0	4.0	4.0	4.0	5
Urea	8.0	6.0	6.0	8.0	5.0	6.0	6.0	5.0	6.0	9.0	6.0	12.0	5.0	5.0	7.0	6.0	3.0	7.0	5.0	4.0	8.0	5.0	8.0	5.0	6.0	7.0	7.0	6.0	6.0	7.0	7.0	6.0	7.0	5.0	5.0	7.0	5.0	6.0	6.0	0	5.0	9.0	6.0	6.0	4.0	7.0	6.0	4.0	6.0	7.0	6.0	3.0	8.0	6.0	5.0	6.0	6.0	6.0	6.0	4.0	6
acetoacetate	8.0	1.0	4.0	6.0	3.0	4.0	4.0	4.0	4.0	8.0	4.0	10.0	6.0	4.0	5.0	4.0	4.0	6.0	5.0	3.0	7.0	3.0	8.0	6.0	4.0	5.0	4.0	3.0	4.0	4.0	4.0	6.0	4.0	8.0	5.0	4.0	5.0	6.0	4.0	5.0	0	8.0	4.0	4.0	3.0	5.0	4.0	3.0	5.0	5.0	4.0	4.0	6.0	4.0	5.0	5.0	4.0	4.0	4.0	4.0	5
androsterone sulfate	11.0	9.0	8.0	8.0	6.0	8.0	8.0	6.0	8.0	6.0	8.0	9.0	7.0	8.0	9.0	8.0	8.0	7.0	9.0	5.0	1.0	7.0	9.0	9.0	8.0	9.0	9.0	8.0	8.0	8.0	8.0	6.0	9.0	10.0	9.0	8.0	7.0	6.0	8.0	9.0	8.0	0	8.0	8.0	7.0	8.0	8.0	8.0	9.0	9.0	8.0	7.0	7.0	8.0	9.0	8.0	8.0	4.0	8.0	6.0	7
arachidonate	9.0	5.0	4.0	7.0	4.0	4.0	4.0	5.0	3.0	6.0	4.0	10.0	5.0	5.0	5.0	4.0	6.0	7.0	5.0	4.0	7.0	4.0	8.0	5.0	4.0	1.0	5.0	4.0	5.0	4.0	4.0	6.0	5.0	7.0	5.0	4.0	5.0	6.0	4.0	6.0	4.0	8.0	0	4.0	4.0	4.0	4.0	5.0	6.0	5.0	4.0	3.0	7.0	4.0	5.0	6.0	4.0	4.0	5.0	4.0	5
pentadecanoate	9.0	5.0	4.0	6.0	3.0	4.0	4.0	4.0	4.0	8.0	4.0	11.0	6.0	5.0	5.0	4.0	6.0	6.0	5.0	3.0	7.0	3.0	9.0	6.0	4.0	5.0	5.0	4.0	4.0	4.0	4.0	6.0	5.0	8.0	6.0	4.0	5.0	6.0	4.0	6.0	4.0	8.0	4.0	0	4.0	5.0	4.0	4.0	5.0	5.0	4.0	4.0	6.0	4.0	5.0	6.0	4.0	4.0	4.0	4.0	5
L-glutamate(1-)	8.0	4.0	4.0	6.0	3.0	4.0	5.0	4.0	4.0	8.0	4.0	10.0	4.0	1.0	6.0	5.0	3.0	6.0	4.0	3.0	6.0	3.0	8.0	4.0	5.0	5.0	3.0	2.0	4.0	5.0	5.0	5.0	3.0	6.0	2.0	5.0	5.0	5.0	4.0	4.0	3.0	7.0	4.0	4.0	0	5.0	4.0	3.0	3.0	6.0	5.0	2.0	6.0	4.0	4.0	5.0	4.0	3.0	4.0	3.0	5
sn-Glycero-3-phosphocholine	7.0	6.0	5.0	5.0	4.0	5.0	6.0	4.0	5.0	6.0	5.0	8.0	4.0	6.0	7.0	6.0	6.0	7.0	7.0	3.0	7.0	4.0	7.0	7.0	6.0	3.0	7.0	6.0	5.0	6.0	6.0	7.0	7.0	6.0	7.0	6.0	5.0	7.0	5.0	7.0	5.0	8.0	4.0	5.0	5.0	0	5.0	5.0	6.0	7.0	6.0	5.0	6.0	5.0	5.0	6.0	5.0	6.0	5.0	5.0	5
Behenic acid	9.0	5.0	4.0	6.0	3.0	4.0	4.0	4.0	4.0	8.0	4.0	11.0	6.0	5.0	5.0	4.0	6.0	6.0	5.0	3.0	7.0	3.0	9.0	6.0	4.0	5.0	5.0	4.0	4.0	4.0	4.0	6.0	5.0	8.0	6.0	4.0	5.0	6.0	4.0	6.0	4.0	8.0	4.0	4.0	4.0	5.0	0	4.0	5.0	5.0	4.0	4.0	6.0	3.0	5.0	6.0	3.0	4.0	4.0	4.0	5
(S)-malate(2-)	7.0	4.0	4.0	6.0	2.0	4.0	5.0	4.0	4.0	7.0	4.0	9.0	5.0	4.0	6.0	5.0	3.0	4.0	5.0	3.0	7.0	1.0	7.0	5.0	5.0	6.0	5.0	4.0	2.0	5.0	5.0	4.0	5.0	7.0	5.0	5.0	4.0	4.0	4.0	4.0	3.0	8.0	5.0	4.0	3.0	5.0	4.0	0	5.0	6.0	5.0	3.0	6.0	4.0	3.0	4.0	4.0	4.0	2.0	2.0	5
L-histidine	7.0	6.0	5.0	7.0	4.0	5.0	6.0	5.0	5.0	9.0	4.0	12.0	5.0	4.0	7.0	6.0	5.0	7.0	7.0	4.0	8.0	4.0	10.0	7.0	6.0	7.0	6.0	5.0	5.0	6.0	6.0	7.0	6.0	6.0	5.0	6.0	5.0	7.0	5.0	6.0	5.0	9.0	6.0	5.0	3.0	6.0	5.0	5.0	0	7.0	6.0	5.0	7.0	5.0	6.0	6.0	5.0	6.0	5.0	5.0	6
L-valine	10.0	6.0	5.0	8.0	5.0	5.0	5.0	6.0	5.0	9.0	5.0	13.0	6.0	6.0	6.0	1.0	7.0	8.0	6.0	5.0	8.0	5.0	10.0	6.0	5.0	6.0	6.0	5.0	6.0	5.0	5.0	7.0	6.0	8.0	6.0	5.0	6.0	7.0	5.0	7.0	5.0	9.0	5.0	5.0	6.0	7.0	5.0	6.0	7.0	0	5.0	4.0	8.0	5.0	6.0	7.0	5.0	5.0	6.0	5.0	7
3-methyl-2-oxopentanoate	9.0	5.0	4.0	7.0	4.0	4.0	4.0	5.0	4.0	8.0	4.0	12.0	5.0	5.0	1.0	4.0	6.0	7.0	5.0	4.0	7.0	4.0	9.0	5.0	4.0	5.0	5.0	4.0	5.0	4.0	4.0	6.0	5.0	7.0	5.0	4.0	5.0	6.0	4.0	6.0	4.0	8.0	4.0	4.0	5.0	6.0	4.0	5.0	6.0	5.0	0	3.0	7.0	4.0	5.0	6.0	4.0	4.0	5.0	4.0	6
Glycine	6.0	5.0	4.0	6.0	3.0	4.0	3.0	4.0	4.0	8.0	4.0	9.0	2.0	3.0	4.0	3.0	4.0	4.0	2.0	3.0	6.0	2.0	7.0	2.0	3.0	4.0	4.0	3.0	3.0	5.0	5.0	3.0	4.0	4.0	2.0	5.0	4.0	3.0	4.0	3.0	4.0	7.0	3.0	4.0	2.0	5.0	4.0	3.0	5.0	4.0	3.0	0	5.0	4.0	2.0	3.0	4.0	3.0	3.0	1.0	5
D-Mannose	10.0	7.0	6.0	3.0	5.0	6.0	7.0	5.0	6.0	5.0	6.0	8.0	6.0	7.0	8.0	7.0	7.0	8.0	7.0	4.0	6.0	5.0	6.0	7.0	7.0	7.0	8.0	7.0	6.0	7.0	7.0	2.0	8.0	9.0	7.0	7.0	5.0	4.0	6.0	8.0	6.0	7.0	7.0	6.0	6.0	6.0	6.0	6.0	7.0	8.0	7.0	5.0	0	6.0	7.0	8.0	6.0	4.0	6.0	4.0	6
arachidate	9.0	5.0	4.0	6.0	3.0	3.0	4.0	4.0	4.0	8.0	4.0	11.0	6.0	5.0	5.0	4.0	6.0	6.0	5.0	3.0	7.0	3.0	9.0	6.0	4.0	5.0	5.0	4.0	4.0	4.0	4.0	6.0	5.0	8.0	6.0	4.0	5.0	6.0	4.0	6.0	4.0	8.0	4.0	4.0	4.0	5.0	3.0	4.0	5.0	5.0	4.0	4.0	6.0	0	5.0	6.0	4.0	4.0	4.0	4.0	5
glycolate	8.0	6.0	5.0	6.0	4.0	5.0	5.0	5.0	5.0	8.0	5.0	7.0	4.0	5.0	6.0	5.0	6.0	5.0	4.0	4.0	8.0	2.0	7.0	4.0	5.0	6.0	5.0	4.0	3.0	6.0	6.0	5.0	5.0	6.0	4.0	6.0	6.0	5.0	5.0	5.0	5.0	9.0	5.0	5.0	4.0	5.0	5.0	3.0	6.0	6.0	5.0	2.0	7.0	5.0	0	5.0	5.0	5.0	2.0	3.0	6
L-tyrosine	3.0	6.0	6.0	8.0	5.0	6.0	4.0	5.0	6.0	8.0	6.0	11.0	5.0	6.0	7.0	6.0	7.0	2.0	3.0	5.0	7.0	3.0	9.0	1.0	6.0	7.0	6.0	5.0	4.0	7.0	7.0	6.0	6.0	6.0	5.0	7.0	5.0	6.0	6.0	6.0	5.0	8.0	6.0	6.0	5.0	6.0	6.0	4.0	6.0	7.0	6.0	3.0	8.0	6.0	5.0	0	6.0	6.0	4.0	4.0	5
lignocerate	9.0	5.0	4.0	6.0	3.0	4.0	4.0	4.0	4.0	8.0	4.0	11.0	6.0	5.0	5.0	4.0	6.0	6.0	5.0	3.0	7.0	3.0	9.0	6.0	4.0	5.0	5.0	4.0	4.0	4.0	4.0	6.0	5.0	8.0	6.0	4.0	5.0	6.0	4.0	6.0	4.0	8.0	4.0	4.0	4.0	5.0	3.0	4.0	5.0	5.0	4.0	4.0	6.0	4.0	5.0	6.0	0	4.0	4.0	4.0	5
Formate	7.0	5.0	4.0	6.0	4.0	4.0	4.0	4.0	4.0	6.0	4.0	9.0	3.0	4.0	5.0	4.0	6.0	6.0	5.0	3.0	3.0	3.0	7.0	5.0	4.0	5.0	5.0	4.0	4.0	4.0	4.0	2.0	5.0	6.0	5.0	4.0	5.0	2.0	4.0	6.0	4.0	4.0	4.0	4.0	3.0	6.0	4.0	4.0	6.0	5.0	4.0	3.0	4.0	4.0	5.0	6.0	4.0	0	4.0	2.0	5
3-hydroxypyruvate	7.0	5.0	4.0	6.0	3.0	4.0	5.0	4.0	4.0	7.0	4.0	7.0	5.0	5.0	6.0	5.0	5.0	4.0	5.0	3.0	7.0	1.0	7.0	5.0	5.0	4.0	5.0	4.0	2.0	5.0	5.0	4.0	5.0	7.0	5.0	5.0	5.0	4.0	4.0	6.0	4.0	8.0	5.0	4.0	4.0	5.0	4.0	2.0	5.0	6.0	5.0	3.0	6.0	4.0	2.0	4.0	4.0	4.0	0	2.0	5
L-alanine	7.0	5.0	4.0	6.0	3.0	4.0	4.0	3.0	4.0	8.0	4.0	9.0	3.0	4.0	5.0	4.0	5.0	4.0	3.0	2.0	5.0	1.0	7.0	3.0	4.0	5.0	4.0	3.0	2.0	5.0	5.0	2.0	4.0	5.0	3.0	5.0	5.0	2.0	4.0	4.0	4.0	6.0	4.0	4.0	3.0	5.0	4.0	2.0	5.0	5.0	4.0	1.0	4.0	4.0	3.0	4.0	4.0	2.0	2.0	0	4
ethanol	7.0	6.0	4.0	6.0	3.0	5.0	6.0	2.0	5.0	8.0	5.0	9.0	5.0	6.0	7.0	6.0	5.0	7.0	7.0	2.0	6.0	4.0	7.0	6.0	6.0	6.0	7.0	6.0	5.0	6.0	6.0	6.0	7.0	6.0	7.0	6.0	5.0	6.0	5.0	6.0	5.0	7.0	5.0	5.0	5.0	5.0	5.0	5.0	6.0	7.0	6.0	5.0	6.0	5.0	6.0	5.0	5.0	5.0	5.0	4.0	0
